===== D:\Program Files\BIOVIA\PPS\apps\scitegic\dscore\server\bin\citest-bin -sd citest_in.sd -chm D:\Program Files\BIOVIA\PPS\web\jobs\16606\F214A85D-7818-461A-A781-2F0931B9334E\5HT2c_ligands_1.ds_chm -bestonly -outsd citest_out.sd -omit -1 -mibd 200 -failsd fail.sd -fitname FitValue -shapename Shape -estname Estimate -mapidname MapID -pharmprintname Pharmprint -pharmtypename Pharmtype 

Checked out license feature: DS_Chemistry <v2009.03> [for msi<TeAM SolidSQUAD-SSQ>] (1 copy)


sulfonamide5HT2c_07  modelThresh=0  compareThresh=3.40282e+38
MinInterBlobDistance= 200
Compare uTime, sTime = 0.0625, 0
Conf: conf5
Fit: 1.35559
Transform: 
	-0.992395	0.0952702	0.0779524	-43.8264
	-0.104485	-0.986738	-0.124224	60.0882
	-0.0650838	0.131424	-0.989187	-46.6399
	0	0	0	1
Relative starting energy: 6432.5
Relative final energy: 6432.5
Total number of maps: 1
sulfonamide5HT2c_08  modelThresh=0  compareThresh=3.40282e+38
MinInterBlobDistance= 200
Compare uTime, sTime = 0.046875, 0
Conf: conf80
Fit: 1.64892
Transform: 
	0.246741	0.801932	-0.544081	-317.473
	0.66629	-0.548069	-0.505647	-121.045
	0.703688	0.237751	0.66955	-35.4921
	0	0	0	1
Relative starting energy: 64577.6
Relative final energy: 64577.6
Total number of maps: 1
sulfonamide5HT2c_10  modelThresh=0  compareThresh=3.40282e+38
MinInterBlobDistance= 200
Compare uTime, sTime = 0.0625, 0
Conf: conf10
Fit: 1.97789
Transform: 
	-0.753334	0.649849	0.100919	-49.9156
	0.245368	0.135368	0.959932	43.1028
	-0.61015	-0.747911	0.261429	-64.4708
	0	0	0	1
Relative starting energy: 7978.05
Relative final energy: 7978.05
Total number of maps: 1
sulfonamide5HT2c_11  modelThresh=0  compareThresh=3.40282e+38
MinInterBlobDistance= 200
Compare uTime, sTime = 0.078125, 0
Conf: conf74
Fit: 1.88239
Transform: 
	0.594031	0.495139	0.634007	-318.514
	0.803428	-0.325605	-0.498482	-151.949
	0.0403821	-0.805492	0.591229	-20.6353
	0	0	0	1
Relative starting energy: 41603.4
Relative final energy: 41603.4
Total number of maps: 1
sulfonamide5HT2c_12  modelThresh=0  compareThresh=3.40282e+38
MinInterBlobDistance= 200
Compare uTime, sTime = 0.09375, 0
Conf: conf25
Fit: 1.87176
Transform: 
	0.60081	-0.0371446	-0.798529	-247.024
	0.775321	-0.216212	0.593406	20.5698
	-0.194693	-0.97564	-0.101103	-73.939
	0	0	0	1
Relative starting energy: 12845.5
Relative final energy: 12845.5
Total number of maps: 1
sulfonamide5HT2c_13  modelThresh=0  compareThresh=3.40282e+38
MinInterBlobDistance= 200
Compare uTime, sTime = 0.15625, 0
Conf: conf142
Fit: 1.87249
Transform: 
	0.552279	-0.719746	-0.420658	-260.593
	0.740732	0.192148	0.643735	58.501
	-0.382497	-0.667116	0.639259	-43.3853
	0	0	0	1
Relative starting energy: 40856.4
Relative final energy: 40856.4
Total number of maps: 1
sulfonamide5HT2c_14  modelThresh=0  compareThresh=3.40282e+38
MinInterBlobDistance= 200
Compare uTime, sTime = 0.0625, 0.015625
Conf: conf70
Fit: 1.9401
Transform: 
	0.269106	0.849431	0.453927	-249.325
	0.95821	-0.188647	-0.21505	19.7156
	-0.0970378	0.492828	-0.864699	-13.0488
	0	0	0	1
Relative starting energy: 37653.8
Relative final energy: 37653.8
Total number of maps: 1
sulfonamide5HT2c_15  modelThresh=0  compareThresh=3.40282e+38
MinInterBlobDistance= 200
Compare uTime, sTime = 0.171875, 0
Conf: conf118
Fit: 2.98802
Transform: 
	-0.372117	-0.925418	0.0716264	-290.335
	-0.76955	0.264453	-0.581255	-138.176
	0.518962	-0.271415	-0.810563	-26.9622
	0	0	0	1
Relative starting energy: 13053.8
Relative final energy: 13053.8
Total number of maps: 1
sulfonamide5HT2c_16  modelThresh=0  compareThresh=3.40282e+38
MinInterBlobDistance= 200
Compare uTime, sTime = 0.234375, 0
Conf: conf23
Fit: 2.35896
Transform: 
	0.569268	-0.276479	-0.774269	-230.586
	0.796389	-0.0484677	0.602839	36.7952
	-0.2042	-0.959797	0.192594	-86.6442
	0	0	0	1
Relative starting energy: 4203.86
Relative final energy: 4203.86
Total number of maps: 1
sulfonamide5HT2c_17  modelThresh=0  compareThresh=3.40282e+38
MinInterBlobDistance= 200
Compare uTime, sTime = 0.109375, 0
Conf: conf66
Fit: 2.21245
Transform: 
	0.361213	0.922294	-0.137476	-242.296
	0.9324	-0.359207	0.0400141	20.6941
	-0.0124776	-0.142636	-0.989697	-31.8124
	0	0	0	1
Relative starting energy: 7795.11
Relative final energy: 7795.11
Total number of maps: 1
sulfonamide5HT2c_18  modelThresh=0  compareThresh=3.40282e+38
MinInterBlobDistance= 200
Compare uTime, sTime = 0.140625, 0
Conf: conf85
Fit: 1.62976
Transform: 
	0.621	0.573017	0.5348	103.113
	-0.684587	0.0642436	0.726095	139.729
	0.381707	-0.817022	0.432175	89.1865
	0	0	0	1
Relative starting energy: 9374.5
Relative final energy: 9374.5
Total number of maps: 1
sulfonamide5HT2c_19  modelThresh=0  compareThresh=3.40282e+38
MinInterBlobDistance= 200
Compare uTime, sTime = 0.125, 0
Conf: conf78
Fit: 0.461998
Transform: 
	0.447695	0.849519	-0.27908	-227.197
	0.784721	-0.223632	0.578102	177.508
	-0.428697	0.477813	0.766755	-56.0582
	0	0	0	1
Relative starting energy: 47916.5
Relative final energy: 47916.5
Total number of maps: 1
sulfonamide5HT2c_20  modelThresh=0  compareThresh=3.40282e+38
MinInterBlobDistance= 200
Compare uTime, sTime = 0.078125, 0
Conf: conf84
Fit: 1.77751
Transform: 
	0.960517	-0.00460417	-0.278185	-198.191
	0.180347	0.77166	0.609931	177.069
	0.211856	-0.636018	0.742023	-60.4489
	0	0	0	1
Relative starting energy: 33677.4
Relative final energy: 33677.4
Total number of maps: 1
sulfonamide5HT2c_21  modelThresh=0  compareThresh=3.40282e+38
MinInterBlobDistance= 200
Compare uTime, sTime = 0.078125, 0
Conf: conf83
Fit: 1.2002
Transform: 
	-0.771836	0.604485	0.19715	-190.351
	-0.621679	-0.652437	-0.433407	164.927
	0.13336	0.457083	-0.879369	-33.8728
	0	0	0	1
Relative starting energy: 59591.9
Relative final energy: 59591.9
Total number of maps: 1
sulfonamide5HT2c_22  modelThresh=0  compareThresh=3.40282e+38
MinInterBlobDistance= 200
Compare uTime, sTime = 0.140625, 0.015625
Conf: conf53
Fit: 2.47608
Transform: 
	-0.776527	0.550668	0.30622	-188.536
	-0.625627	-0.616149	-0.478488	51.9729
	0.0748113	0.563139	-0.822969	-37.1388
	0	0	0	1
Relative starting energy: 41143.6
Relative final energy: 41143.6
Total number of maps: 1
sulfonamide5HT2c_23  modelThresh=0  compareThresh=3.40282e+38
MinInterBlobDistance= 200
Compare uTime, sTime = 0.09375, 0
Conf: conf65
Fit: 1.42164
Transform: 
	0.593264	0.0454468	0.803724	-179.913
	0.541708	0.715996	-0.440344	183.54
	0.595475	-0.696624	-0.400155	-50.2586
	0	0	0	1
Relative starting energy: 34745.9
Relative final energy: 34745.9
Total number of maps: 1
sulfonamide5HT2c_24  modelThresh=0  compareThresh=3.40282e+38
MinInterBlobDistance= 200
Compare uTime, sTime = 0.125, 0
Conf: conf79
Fit: 1.37425
Transform: 
	0.761068	-0.196217	0.618284	-197.637
	0.413857	0.880836	-0.229892	172.806
	0.499498	-0.430845	-0.751582	-76.7805
	0	0	0	1
Relative starting energy: 34527.1
Relative final energy: 34527.1
Total number of maps: 1
sulfonamide5HT2c_25  modelThresh=0  compareThresh=3.40282e+38
MinInterBlobDistance= 200
Compare uTime, sTime = 0.078125, 0
Conf: conf70
Fit: 0.987391
Transform: 
	0.961861	-0.172332	0.212426	-208.747
	0.0129006	0.804303	0.594079	159.092
	-0.273234	-0.568682	0.775851	-95.6149
	0	0	0	1
Relative starting energy: 27821.4
Relative final energy: 27821.4
Total number of maps: 1
Done!
===== D:\Program Files\BIOVIA\PPS\apps\scitegic\dscore\server\bin\citest-bin -sd citest_in.sd -chm D:\Program Files\BIOVIA\PPS\web\jobs\16606\F214A85D-7818-461A-A781-2F0931B9334E\5HT2c_ligands_1.ds_chm -bestonly -outsd citest_out.sd -omit -1 -mibd 200 -failsd fail.sd -fitname FitValue -shapename Shape -estname Estimate -mapidname MapID -pharmprintname Pharmprint -pharmtypename Pharmtype 

Checked out license feature: DS_Chemistry <v2009.03> [for msi<TeAM SolidSQUAD-SSQ>] (1 copy)


Nafoxidine Hydrochloride  modelThresh=0  compareThresh=3.40282e+38
MinInterBlobDistance= 200
Compare uTime, sTime = 0.0625, 0
Conf: conf3
Fit: 2.7901
Transform: 
	0.750112	-0.605523	-0.265846	-88.9178
	0.659248	0.716419	0.228334	441.384
	0.0521958	-0.346534	0.936584	-119.64
	0	0	0	1
Relative starting energy: 2249.21
Relative final energy: 2249.21
Total number of maps: 1
Trioxifene  modelThresh=0  compareThresh=3.40282e+38
MinInterBlobDistance= 200
Compare uTime, sTime = 0.21875, 0
Conf: conf302
Fit: 0.88424
Transform: 
	0.337167	-0.896365	0.287834	-37.307
	0.890732	0.40272	0.210743	16.1708
	-0.304819	0.185327	0.934205	-13.7404
	0	0	0	1
Relative starting energy: 57137.7
Relative final energy: 57137.7
Total number of maps: 1
Nitromifene  modelThresh=0  compareThresh=3.40282e+38
MinInterBlobDistance= 200
Compare uTime, sTime = 0.046875, 0
Conf: conf41
Fit: 1.24423
Transform: 
	0.210305	-0.972945	-0.0956513	-63.7984
	0.939051	0.173819	0.296597	1.84283
	0.271947	0.152197	-0.9502	-13.6628
	0	0	0	1
Relative starting energy: 50713.7
Relative final energy: 50713.7
Total number of maps: 1
Levormeloxifene  modelThresh=0  compareThresh=3.40282e+38
MinInterBlobDistance= 200
Compare uTime, sTime = 0.046875, 0
Conf: conf14
Fit: 0.578536
Transform: 
	0.881337	0.180157	0.436792	-247.02
	0.365368	-0.846019	-0.388276	82.712
	0.299584	0.501793	-0.811452	-58.3879
	0	0	0	1
Relative starting energy: 39877.8
Relative final energy: 39877.8
Total number of maps: 1
Raloxifene Hydorchloride  modelThresh=0  compareThresh=3.40282e+38
MinInterBlobDistance= 200
Compare uTime, sTime = 0.09375, 0
Conf: conf55
Fit: 2.76713
Transform: 
	-0.0539844	-0.992863	-0.106346	-3.82566
	0.380656	0.0779971	-0.921421	-23.5509
	0.92314	-0.0902237	0.373728	-3.23122
	0	0	0	1
Relative starting energy: 17737.1
Relative final energy: 17737.1
Total number of maps: 1
(p-2-Diethylaminoethoxyphenyl)-1-phenyl-2-p-anisylethanol  modelThresh=0  compareThresh=3.40282e+38
MinInterBlobDistance= 200
Compare uTime, sTime = 0.15625, 0
Conf: conf156
Fit: 2.32181
Transform: 
	-0.674328	0.175257	0.717333	-19.7936
	-0.45579	-0.863079	-0.2176	349.725
	0.580979	-0.473687	0.661879	-67.4145
	0	0	0	1
Relative starting energy: 75970
Relative final energy: 75970
Total number of maps: 1
FLURAZEPAM  modelThresh=0  compareThresh=3.40282e+38
MinInterBlobDistance= 200
Compare uTime, sTime = 0.078125, 0
Conf: conf24
Fit: 2.95664
Transform: 
	0.902872	-0.236098	-0.359277	-162.931
	0.104249	-0.690525	0.715756	283.441
	0.417078	0.68369	0.598843	24.3371
	0	0	0	1
Relative starting energy: 20275.2
Relative final energy: 20275.2
Total number of maps: 1
Toremifene  modelThresh=0  compareThresh=3.40282e+38
MinInterBlobDistance= 200
Compare uTime, sTime = 0.203125, 0
Conf: conf27
Fit: 3.04196
Transform: 
	-0.700493	0.219876	-0.678944	-28.7639
	0.289244	0.957186	0.0115594	-124.175
	-0.652417	0.188283	0.734099	74.6847
	0	0	0	1
Relative starting energy: 18632
Relative final energy: 18632
Total number of maps: 1
PIMOZIDE  modelThresh=0  compareThresh=3.40282e+38
MinInterBlobDistance= 200
Compare uTime, sTime = 0.0625, 0
Conf: conf12
Fit: 3.08996
Transform: 
	-0.509899	0.298552	-0.806765	-179.414
	0.0268671	0.942913	0.331954	-22.1359
	0.859814	0.147588	-0.488812	-82.2507
	0	0	0	1
Relative starting energy: 13025.4
Relative final energy: 13025.4
Total number of maps: 1
Ametik hydrochloride  modelThresh=0  compareThresh=3.40282e+38
MinInterBlobDistance= 200
Compare uTime, sTime = 0.140625, 0
Conf: conf18
Fit: 2.63753
Transform: 
	-0.0215546	0.999469	0.02444	-443.06
	0.691965	-0.00273033	0.721926	-115.79
	0.721609	0.0324725	-0.691539	-4.51162
	0	0	0	1
Relative starting energy: 14049.8
Relative final energy: 14049.8
Total number of maps: 1
Tamoxifen  modelThresh=0  compareThresh=3.40282e+38
MinInterBlobDistance= 200
Compare uTime, sTime = 0.171875, 0
Conf: conf108
Fit: 2.96224
Transform: 
	-0.544061	0.450165	-0.70806	-110.954
	0.698582	0.710453	-0.0850917	442.644
	0.464738	-0.540933	-0.701007	-143.025
	0	0	0	1
Relative starting energy: 53705.8
Relative final energy: 53705.8
Total number of maps: 1
Enclomiphene  modelThresh=0  compareThresh=3.40282e+38
MinInterBlobDistance= 200
Compare uTime, sTime = 0.265625, 0
Conf: conf188
Fit: 3.0202
Transform: 
	0.739367	0.469933	-0.482182	-425.757
	-0.241415	-0.483499	-0.841396	11.0471
	-0.628534	0.738506	-0.244035	-11.6776
	0	0	0	1
Relative starting energy: 64538.8
Relative final energy: 64538.8
Total number of maps: 1
Acrichine  modelThresh=0  compareThresh=3.40282e+38
MinInterBlobDistance= 200
Compare uTime, sTime = 0.203125, 0
Conf: conf234
Fit: 0.248305
Transform: 
	-0.658047	0.10297	-0.745903	161.879
	-0.235485	0.912773	0.333754	174.891
	-0.715207	-0.395275	0.576399	-39.8509
	0	0	0	1
Relative starting energy: 83246.3
Relative final energy: 83246.3
Total number of maps: 1
QUAZEPAM  modelThresh=0  compareThresh=3.40282e+38
MinInterBlobDistance= 200
Compare uTime, sTime = 0.015625, 0
Conf: conf2
Fit: 2.45208
Transform: 
	0.628675	0.644458	-0.435248	-146.398
	-0.776791	0.546977	-0.31211	416.112
	-0.0369292	-0.534312	-0.84448	-7.65156
	0	0	0	1
Relative starting energy: 47.3973
Relative final energy: 47.3973
Total number of maps: 1
HALOPERIDOL  modelThresh=0  compareThresh=3.40282e+38
MinInterBlobDistance= 200
Compare uTime, sTime = 0.046875, 0
Conf: conf53
Fit: 0.254414
Transform: 
	-0.65245	0.724295	-0.222947	123.799
	0.680614	0.689417	0.24793	161.195
	0.333278	0.0100212	-0.942775	-54.1443
	0	0	0	1
Relative starting energy: 53631.2
Relative final energy: 53631.2
Total number of maps: 1
THIORIDAZINE  modelThresh=0  compareThresh=3.40282e+38
MinInterBlobDistance= 200
Compare uTime, sTime = 0.125, 0
Conf: conf78
Fit: 3.36193
Transform: 
	0.377887	0.414664	-0.827801	115.757
	0.885326	0.0997915	0.454135	240.208
	-0.270921	0.904486	0.329403	-14.1576
	0	0	0	1
Relative starting energy: 50738.4
Relative final energy: 50738.4
Total number of maps: 1
Aminazin monohydrochloride  modelThresh=0  compareThresh=3.40282e+38
MinInterBlobDistance= 200
Compare uTime, sTime = 0.0625, 0
Conf: conf72
Fit: 0.427533
Transform: 
	-0.885332	-0.378946	-0.269419	218.504
	-0.182385	0.816045	-0.548459	156.694
	-0.427695	0.43643	0.791585	48.3219
	0	0	0	1
Relative starting energy: 82960.3
Relative final energy: 82960.3
Total number of maps: 1
Done!
===== D:\Program Files\BIOVIA\PPS\apps\scitegic\dscore\server\bin\citest-bin -sd citest_in.sd -chm D:\Program Files\BIOVIA\PPS\web\jobs\16606\F214A85D-7818-461A-A781-2F0931B9334E\5HT2c_ligands_2.ds_chm -bestonly -outsd citest_out.sd -omit -1 -mibd 200 -failsd fail.sd -fitname FitValue -shapename Shape -estname Estimate -mapidname MapID -pharmprintname Pharmprint -pharmtypename Pharmtype 

Checked out license feature: DS_Chemistry <v2009.03> [for msi<TeAM SolidSQUAD-SSQ>] (1 copy)


sulfonamide5HT2c_07  modelThresh=0  compareThresh=3.40282e+38
MinInterBlobDistance= 200
Compare uTime, sTime = 0.0625, 0
Conf: conf22
Fit: 2.28651
Transform: 
	0.96854	-0.247972	-0.0209696	-21.1385
	-0.241753	-0.957535	0.157107	86.3568
	0.0590373	0.147095	0.987359	-52.1003
	0	0	0	1
Relative starting energy: 14975.2
Relative final energy: 14975.2
Total number of maps: 1
sulfonamide5HT2c_08  modelThresh=0  compareThresh=3.40282e+38
MinInterBlobDistance= 200
Compare uTime, sTime = 0.0625, 0
Conf: conf8
Fit: 1.9277
Transform: 
	-0.873564	0.44075	-0.206458	461.397
	0.059111	-0.324975	-0.943873	-91.015
	-0.483106	-0.836738	0.257834	-31.4158
	0	0	0	1
Relative starting energy: 3315.04
Relative final energy: 3315.04
Total number of maps: 1
sulfonamide5HT2c_10  modelThresh=0  compareThresh=3.40282e+38
MinInterBlobDistance= 200
Compare uTime, sTime = 0.078125, 0
Conf: conf9
Fit: 2.13284
Transform: 
	0.78285	-0.621857	0.0209851	-45.3397
	0.433667	0.569503	0.698283	21.8959
	0.446183	0.53755	-0.715514	5.23331
	0	0	0	1
Relative starting energy: 7560.38
Relative final energy: 7560.38
Total number of maps: 1
sulfonamide5HT2c_11  modelThresh=0  compareThresh=3.40282e+38
MinInterBlobDistance= 200
Compare uTime, sTime = 0.09375, 0
Conf: conf1
Fit: 2.3682
Transform: 
	0.988201	0.0687639	-0.13686	-90.7666
	-0.153123	0.423059	-0.89307	49.7659
	0.00351129	-0.903489	-0.428596	-0.128619
	0	0	0	1
Relative starting energy: 0
Relative final energy: 0
Total number of maps: 1
sulfonamide5HT2c_12  modelThresh=0  compareThresh=3.40282e+38
MinInterBlobDistance= 200
Compare uTime, sTime = 0.09375, 0
Conf: conf63
Fit: 1.92218
Transform: 
	0.14476	-0.361209	-0.92118	71.6247
	0.563824	0.795165	-0.223193	203.799
	0.81311	-0.487074	0.318766	-324.243
	0	0	0	1
Relative starting energy: 36917.2
Relative final energy: 36917.2
Total number of maps: 1
sulfonamide5HT2c_13  modelThresh=0  compareThresh=3.40282e+38
MinInterBlobDistance= 200
Compare uTime, sTime = 0.1875, 0
Conf: conf153
Fit: 1.94291
Transform: 
	0.0954875	-0.0193017	-0.995243	88.4714
	0.453426	0.890908	0.0262252	226.121
	0.886164	-0.453774	0.0938225	-301.842
	0	0	0	1
Relative starting energy: 44163.2
Relative final energy: 44163.2
Total number of maps: 1
sulfonamide5HT2c_14  modelThresh=0  compareThresh=3.40282e+38
MinInterBlobDistance= 200
Compare uTime, sTime = 0.09375, 0
Conf: conf30
Fit: 1.95993
Transform: 
	-0.360845	0.0186166	0.93244	93.4026
	0.461521	0.872363	0.161187	191.623
	0.810426	-0.488504	0.32338	-326.495
	0	0	0	1
Relative starting energy: 19443.8
Relative final energy: 19443.8
Total number of maps: 1
sulfonamide5HT2c_15  modelThresh=0  compareThresh=3.40282e+38
MinInterBlobDistance= 200
Compare uTime, sTime = 0.171875, 0
Conf: conf118
Fit: 3.08925
Transform: 
	0.59039	0.61129	-0.527033	320.275
	-0.805937	0.411184	-0.425902	-144.378
	-0.0436419	0.676204	0.73542	-8.81531
	0	0	0	1
Relative starting energy: 13053.8
Relative final energy: 13053.8
Total number of maps: 1
sulfonamide5HT2c_16  modelThresh=0  compareThresh=3.40282e+38
MinInterBlobDistance= 200
Compare uTime, sTime = 0.265625, 0
Conf: conf210
Fit: 2.99023
Transform: 
	0.58702	0.550564	-0.593538	326.258
	-0.809544	0.393033	-0.436078	-128.469
	-0.0068089	0.736481	0.676424	-20.4558
	0	0	0	1
Relative starting energy: 37673.1
Relative final energy: 37673.1
Total number of maps: 1
sulfonamide5HT2c_17  modelThresh=0  compareThresh=3.40282e+38
MinInterBlobDistance= 200
Compare uTime, sTime = 0.140625, 0
Conf: conf98
Fit: 1.90581
Transform: 
	0.1624	-0.170036	-0.971964	75.2783
	0.54441	0.836984	-0.0554598	190.251
	0.822948	-0.520141	0.228496	-343.818
	0	0	0	1
Relative starting energy: 10538.7
Relative final energy: 10538.7
Total number of maps: 1
sulfonamide5HT2c_18  modelThresh=0  compareThresh=3.40282e+38
MinInterBlobDistance= 200
Compare uTime, sTime = 0.15625, 0
Conf: conf29
Fit: 2.40404
Transform: 
	-0.56098	-0.605819	-0.564168	-81.728
	0.763294	-0.642331	-0.0692294	307.933
	0.320442	0.469462	-0.822753	-209.876
	0	0	0	1
Relative starting energy: 4849.99
Relative final energy: 4849.99
Total number of maps: 1
sulfonamide5HT2c_19  modelThresh=0  compareThresh=3.40282e+38
MinInterBlobDistance= 200
Compare uTime, sTime = 0.078125, 0
Conf: conf78
Fit: 1.60291
Transform: 
	-0.531125	-0.795686	0.291187	207.795
	0.844891	-0.523222	0.111346	108.008
	-0.0637592	-0.30516	-0.950164	-87.4061
	0	0	0	1
Relative starting energy: 47916.5
Relative final energy: 47916.5
Total number of maps: 1
sulfonamide5HT2c_20  modelThresh=0  compareThresh=3.40282e+38
MinInterBlobDistance= 200
Compare uTime, sTime = 0.09375, 0
Conf: conf84
Fit: 2.10945
Transform: 
	-0.950522	-0.0975288	0.29495	180.072
	-0.0534056	0.986607	0.154126	108.241
	-0.306031	0.130748	-0.943	-84.4241
	0	0	0	1
Relative starting energy: 33677.4
Relative final energy: 33677.4
Total number of maps: 1
sulfonamide5HT2c_21  modelThresh=0  compareThresh=3.40282e+38
MinInterBlobDistance= 200
Compare uTime, sTime = 0.09375, 0
Conf: conf74
Fit: 1.77583
Transform: 
	0.717343	-0.243584	-0.652752	175.586
	-0.508271	-0.823757	-0.251167	77.4208
	0.476529	-0.511948	0.714723	-109.063
	0	0	0	1
Relative starting energy: 49515.7
Relative final energy: 49515.7
Total number of maps: 1
sulfonamide5HT2c_22  modelThresh=0  compareThresh=3.40282e+38
MinInterBlobDistance= 200
Compare uTime, sTime = 0.0625, 0.015625
Conf: conf52
Fit: 0.990212
Transform: 
	0.940966	-0.279896	-0.190372	107.507
	-0.292787	-0.955221	-0.0427585	-43.1279
	0.169879	-0.0959726	0.980781	-21.9338
	0	0	0	1
Relative starting energy: 40569.5
Relative final energy: 40569.5
Total number of maps: 1
sulfonamide5HT2c_23  modelThresh=0  compareThresh=3.40282e+38
MinInterBlobDistance= 200
Compare uTime, sTime = 0.0625, 0
Conf: conf77
Fit: 0.031937
Transform: 
	-0.957294	-0.225907	0.180429	60.6255
	-0.218444	0.973973	0.0604813	65.1382
	-0.189396	0.0184848	-0.981727	-45.6342
	0	0	0	1
Relative starting energy: 50528.5
Relative final energy: 50528.5
Total number of maps: 1
sulfonamide5HT2c_24  modelThresh=0  compareThresh=3.40282e+38
MinInterBlobDistance= 200
Compare uTime, sTime = 0.109375, 0
Conf: conf85
Fit: 2.26393
Transform: 
	0.804776	-0.506989	-0.308704	329.849
	0.593153	0.706578	0.385897	34.7502
	0.0224783	-0.493669	0.869359	-61.8213
	0	0	0	1
Relative starting energy: 36778.5
Relative final energy: 36778.5
Total number of maps: 1
sulfonamide5HT2c_25  modelThresh=0  compareThresh=3.40282e+38
MinInterBlobDistance= 200
Compare uTime, sTime = 0.09375, 0.015625
Conf: conf70
Fit: 1.25363
Transform: 
	-0.983097	0.038729	-0.178942	197.442
	0.025871	0.996949	0.0736392	111.159
	0.181248	0.067765	-0.9811	-50.5762
	0	0	0	1
Relative starting energy: 27821.4
Relative final energy: 27821.4
Total number of maps: 1
Done!
===== D:\Program Files\BIOVIA\PPS\apps\scitegic\dscore\server\bin\citest-bin -sd citest_in.sd -chm D:\Program Files\BIOVIA\PPS\web\jobs\16606\F214A85D-7818-461A-A781-2F0931B9334E\5HT2c_ligands_2.ds_chm -bestonly -outsd citest_out.sd -omit -1 -mibd 200 -failsd fail.sd -fitname FitValue -shapename Shape -estname Estimate -mapidname MapID -pharmprintname Pharmprint -pharmtypename Pharmtype 

Checked out license feature: DS_Chemistry <v2009.03> [for msi<TeAM SolidSQUAD-SSQ>] (1 copy)


Nafoxidine Hydrochloride  modelThresh=0  compareThresh=3.40282e+38
MinInterBlobDistance= 200
Compare uTime, sTime = 0.046875, 0
Conf: conf27
Fit: 2.72332
Transform: 
	-0.47689	0.870953	0.118396	-28.4484
	-0.878714	-0.475617	-0.0406263	309.549
	-0.0209278	0.123411	-0.992135	-59.9567
	0	0	0	1
Relative starting energy: 37010.6
Relative final energy: 37010.6
Total number of maps: 1
Trioxifene  modelThresh=0  compareThresh=3.40282e+38
MinInterBlobDistance= 200
Compare uTime, sTime = 0.21875, 0
Conf: conf275
Fit: 2.16232
Transform: 
	-0.107848	0.908287	-0.404206	62.2473
	0.958206	0.203332	0.201241	47.3111
	-0.264973	0.365609	0.892255	-3.86423
	0	0	0	1
Relative starting energy: 48260.9
Relative final energy: 48260.9
Total number of maps: 1
Nitromifene  modelThresh=0  compareThresh=3.40282e+38
MinInterBlobDistance= 200
Compare uTime, sTime = 0.046875, 0
Conf: conf27
Fit: 1.51664
Transform: 
	-0.419502	0.868375	-0.264466	-192.969
	0.208516	0.375732	0.902966	272.396
	0.883481	0.323651	-0.33869	-98.7472
	0	0	0	1
Relative starting energy: 34066.5
Relative final energy: 34066.5
Total number of maps: 1
Levormeloxifene  modelThresh=0  compareThresh=3.40282e+38
MinInterBlobDistance= 200
Compare uTime, sTime = 0.03125, 0
Conf: conf19
Fit: 0.165904
Transform: 
	-0.935209	-0.0768378	-0.34566	243.949
	0.0339899	-0.991145	0.128362	49.9404
	-0.352462	0.108297	0.929539	-49.5149
	0	0	0	1
Relative starting energy: 56235.5
Relative final energy: 56235.5
Total number of maps: 1
Raloxifene Hydorchloride  modelThresh=0  compareThresh=3.40282e+38
MinInterBlobDistance= 200
Compare uTime, sTime = 0.09375, 0
Conf: conf64
Fit: 2.14403
Transform: 
	-0.810409	0.102247	0.576874	190.698
	-0.223341	-0.964216	-0.142854	117.55
	0.541624	-0.24461	0.804244	-27.9692
	0	0	0	1
Relative starting energy: 31579.7
Relative final energy: 31579.7
Total number of maps: 1
(p-2-Diethylaminoethoxyphenyl)-1-phenyl-2-p-anisylethanol  modelThresh=0  compareThresh=3.40282e+38
MinInterBlobDistance= 200
Compare uTime, sTime = 0.171875, 0
Conf: conf169
Fit: 2.37899
Transform: 
	0.831573	0.555258	-0.0132295	177.696
	-0.120162	0.203112	0.971754	-157.034
	0.542262	-0.806495	0.235624	22.6932
	0	0	0	1
Relative starting energy: 83089.4
Relative final energy: 83089.4
Total number of maps: 1
FLURAZEPAM  modelThresh=0  compareThresh=3.40282e+38
MinInterBlobDistance= 200
Compare uTime, sTime = 0.0625, 0
Conf: conf9
Fit: 1.98697
Transform: 
	-0.800284	0.554932	0.227148	10.9181
	-0.534514	-0.831893	0.149158	83.865
	-0.271736	0.00204502	-0.96237	-55.6155
	0	0	0	1
Relative starting energy: 6557.32
Relative final energy: 6557.32
Total number of maps: 1
Toremifene  modelThresh=0  compareThresh=3.40282e+38
MinInterBlobDistance= 200
Compare uTime, sTime = 0.171875, 0
Conf: conf33
Fit: 2.92929
Transform: 
	0.724319	-0.226028	0.651363	85.7975
	0.163533	0.974098	0.156171	-182.684
	-0.66979	-0.00659799	0.742521	4.06763
	0	0	0	1
Relative starting energy: 21888.6
Relative final energy: 21888.6
Total number of maps: 1
PIMOZIDE  modelThresh=0  compareThresh=3.40282e+38
MinInterBlobDistance= 200
Compare uTime, sTime = 0.046875, 0.015625
Conf: conf41
Fit: 3.23146
Transform: 
	0.397142	0.883594	-0.248073	310.353
	0.662477	-0.463069	-0.588805	-78.799
	-0.63514	0.0694967	-0.769265	-120.479
	0	0	0	1
Relative starting energy: 65886.9
Relative final energy: 65886.9
Total number of maps: 1
Ametik hydrochloride  modelThresh=0  compareThresh=3.40282e+38
MinInterBlobDistance= 200
Compare uTime, sTime = 0.140625, 0
Conf: conf111
Fit: 2.71225
Transform: 
	0.282029	-0.931024	-0.231634	434.26
	0.416031	-0.0988748	0.903959	-130.627
	-0.86451	-0.351309	0.359449	59.6607
	0	0	0	1
Relative starting energy: 40129.8
Relative final energy: 40129.8
Total number of maps: 1
Tamoxifen  modelThresh=0  compareThresh=3.40282e+38
MinInterBlobDistance= 200
Compare uTime, sTime = 0.171875, 0
Conf: conf53
Fit: 2.71558
Transform: 
	0.360673	-0.343759	0.867032	3.45315
	0.322937	0.918128	0.22968	440.954
	0.875001	-0.197157	-0.442157	-15.0198
	0	0	0	1
Relative starting energy: 33469.5
Relative final energy: 33469.5
Total number of maps: 1
Enclomiphene  modelThresh=0  compareThresh=3.40282e+38
MinInterBlobDistance= 200
Compare uTime, sTime = 0.171875, 0
Conf: conf175
Fit: 1.0346
Transform: 
	-0.3173	0.18658	0.92979	66.3239
	0.438131	0.898385	-0.0307612	10.8481
	-0.841048	0.397609	-0.366804	8.44731
	0	0	0	1
Relative starting energy: 58615.4
Relative final energy: 58615.4
Total number of maps: 1
Acrichine  modelThresh=0  compareThresh=3.40282e+38
MinInterBlobDistance= 200
Compare uTime, sTime = 0.1875, 0
Conf: conf178
Fit: 1.3881
Transform: 
	0.782079	0.136779	0.607984	-155.103
	0.325924	0.741772	-0.586129	215.515
	0.531156	-0.656555	-0.535545	-57.7572
	0	0	0	1
Relative starting energy: 59143
Relative final energy: 59143
Total number of maps: 1
QUAZEPAM  modelThresh=0  compareThresh=3.40282e+38
MinInterBlobDistance= 200
Compare uTime, sTime = 0.015625, 0
Conf: conf10
Fit: 2.98716
Transform: 
	-0.0119282	-0.934737	0.35514	-143.883
	-0.994848	-0.0246648	-0.0983327	237.922
	0.100675	-0.354483	-0.929627	-111.632
	0	0	0	1
Relative starting energy: 8112.45
Relative final energy: 8112.45
Total number of maps: 1
HALOPERIDOL  modelThresh=0  compareThresh=3.40282e+38
MinInterBlobDistance= 200
Compare uTime, sTime = 0.0625, 0
Conf: conf57
Fit: 0.393495
Transform: 
	0.594208	-0.672881	0.440622	-148.391
	0.540094	0.739751	0.401331	161.219
	0.595999	0.00049659	-0.802985	-65.8298
	0	0	0	1
Relative starting energy: 65015.5
Relative final energy: 65015.5
Total number of maps: 1
THIORIDAZINE  modelThresh=0  compareThresh=3.40282e+38
MinInterBlobDistance= 200
Compare uTime, sTime = 0.140625, 0
Conf: conf100
Fit: 3.303
Transform: 
	-0.36438	-0.431208	0.825401	-109.83
	0.930904	-0.144506	0.335463	169.627
	-0.0253791	0.890605	0.454069	-24.8423
	0	0	0	1
Relative starting energy: 70825.2
Relative final energy: 70825.2
Total number of maps: 1
Aminazin monohydrochloride  modelThresh=0  compareThresh=3.40282e+38
MinInterBlobDistance= 200
Compare uTime, sTime = 0.046875, 0
Conf: conf41
Fit: 1.11646
Transform: 
	0.44279	0.753437	-0.486075	-212.485
	0.826728	-0.552918	-0.103939	76.7656
	0.347071	0.355828	0.867714	-170.701
	0	0	0	1
Relative starting energy: 33300.2
Relative final energy: 33300.2
Total number of maps: 1
Done!
===== D:\Program Files\BIOVIA\PPS\apps\scitegic\dscore\server\bin\citest-bin -sd citest_in.sd -chm D:\Program Files\BIOVIA\PPS\web\jobs\16606\F214A85D-7818-461A-A781-2F0931B9334E\5HT2c_ligands_3.ds_chm -bestonly -outsd citest_out.sd -omit -1 -mibd 200 -failsd fail.sd -fitname FitValue -shapename Shape -estname Estimate -mapidname MapID -pharmprintname Pharmprint -pharmtypename Pharmtype 

Checked out license feature: DS_Chemistry <v2009.03> [for msi<TeAM SolidSQUAD-SSQ>] (1 copy)


sulfonamide5HT2c_07  modelThresh=0  compareThresh=3.40282e+38
MinInterBlobDistance= 200
Compare uTime, sTime = 0.0625, 0
Conf: conf8
Fit: 2.44052
Transform: 
	-0.974074	0.116698	-0.193807	-899.645
	0.207107	0.115285	-0.971502	1.1524
	-0.0910297	-0.986454	-0.136465	-772.741
	0	0	0	1
Relative starting energy: 7374.65
Relative final energy: 7374.65
Total number of maps: 1
sulfonamide5HT2c_08  modelThresh=0  compareThresh=3.40282e+38
MinInterBlobDistance= 200
Compare uTime, sTime = 0.0625, 0
Conf: conf37
Fit: 1.60318
Transform: 
	-0.782027	-0.299019	-0.546829	-500.007
	0.116475	0.791813	-0.599555	-106.89
	-0.612265	0.53256	0.58439	-670.536
	0	0	0	1
Relative starting energy: 20048.5
Relative final energy: 20048.5
Total number of maps: 1
sulfonamide5HT2c_10  modelThresh=0  compareThresh=3.40282e+38
MinInterBlobDistance= 200
Compare uTime, sTime = 0.0625, 0
Conf: conf10
Fit: 1.8968
Transform: 
	-0.140199	0.846738	0.513204	-618.979
	-0.372432	-0.525356	0.765046	-131.259
	-0.917409	0.083875	-0.389007	-717.56
	0	0	0	1
Relative starting energy: 7978.05
Relative final energy: 7978.05
Total number of maps: 1
sulfonamide5HT2c_11  modelThresh=0  compareThresh=3.40282e+38
MinInterBlobDistance= 200
Compare uTime, sTime = 0.09375, 0
Conf: conf26
Fit: 2.78476
Transform: 
	-0.825497	-0.564357	-0.00750017	-838.335
	0.31675	-0.474235	0.821444	-23.5699
	0.467144	-0.675724	-0.570239	-796.925
	0	0	0	1
Relative starting energy: 12161.2
Relative final energy: 12161.2
Total number of maps: 1
sulfonamide5HT2c_12  modelThresh=0  compareThresh=3.40282e+38
MinInterBlobDistance= 200
Compare uTime, sTime = 0.078125, 0
Conf: conf25
Fit: 2.8744
Transform: 
	0.962785	0.0434208	-0.266759	-816.813
	-0.0309464	0.99823	0.0507917	-42.6582
	-0.268493	0.0406462	-0.962424	-791.131
	0	0	0	1
Relative starting energy: 12845.5
Relative final energy: 12845.5
Total number of maps: 1
sulfonamide5HT2c_13  modelThresh=0  compareThresh=3.40282e+38
MinInterBlobDistance= 200
Compare uTime, sTime = 0.140625, 0
Conf: conf86
Fit: 2.69623
Transform: 
	0.722653	0.304513	0.620519	-807.336
	0.0885885	0.849522	-0.520063	-15.6306
	-0.68551	0.430796	0.586933	-788.934
	0	0	0	1
Relative starting energy: 29861
Relative final energy: 29861
Total number of maps: 1
sulfonamide5HT2c_14  modelThresh=0  compareThresh=3.40282e+38
MinInterBlobDistance= 200
Compare uTime, sTime = 0.078125, 0
Conf: conf10
Fit: 2.77667
Transform: 
	0.830356	0.525994	0.183953	-835.808
	-0.172542	-0.0711963	0.982426	-30.8993
	-0.529847	0.847503	-0.0316375	-770.868
	0	0	0	1
Relative starting energy: 7120.81
Relative final energy: 7120.81
Total number of maps: 1
sulfonamide5HT2c_15  modelThresh=0  compareThresh=3.40282e+38
MinInterBlobDistance= 200
Compare uTime, sTime = 0.203125, 0.015625
Conf: conf20
Fit: 2.90532
Transform: 
	-0.967847	-0.0517405	0.246162	-973.662
	-0.10986	0.967296	-0.228626	-41.0573
	0.226282	0.248318	0.941878	-700.147
	0	0	0	1
Relative starting energy: 494.972
Relative final energy: 494.972
Total number of maps: 1
sulfonamide5HT2c_16  modelThresh=0  compareThresh=3.40282e+38
MinInterBlobDistance= 200
Compare uTime, sTime = 0.125, 0
Conf: conf65
Fit: 0.201211
Transform: 
	0.689921	-0.669464	0.275366	-686.639
	-0.00822176	-0.387623	-0.921781	1.8861
	-0.723838	-0.633692	0.272934	-893.361
	0	0	0	1
Relative starting energy: 9505.71
Relative final energy: 9505.71
Total number of maps: 1
sulfonamide5HT2c_17  modelThresh=0  compareThresh=3.40282e+38
MinInterBlobDistance= 200
Compare uTime, sTime = 0.109375, 0
Conf: conf66
Fit: 2.89307
Transform: 
	0.79366	0.559976	0.23776	-825.302
	0.295903	-0.0138527	-0.955118	-3.28532
	-0.531549	0.828393	-0.176693	-778.695
	0	0	0	1
Relative starting energy: 7795.11
Relative final energy: 7795.11
Total number of maps: 1
sulfonamide5HT2c_18  modelThresh=0  compareThresh=3.40282e+38
MinInterBlobDistance= 200
Compare uTime, sTime = 0.15625, 0
Conf: conf63
Fit: 2.86242
Transform: 
	0.898862	0.431762	0.0750198	-840.147
	-0.334508	0.565394	0.753945	10.4555
	-0.283109	0.702788	-0.65264	-843.746
	0	0	0	1
Relative starting energy: 7986.52
Relative final energy: 7986.52
Total number of maps: 1
sulfonamide5HT2c_19  modelThresh=0  compareThresh=3.40282e+38
MinInterBlobDistance= 200
Compare uTime, sTime = 0.09375, 0.015625
Conf: conf31
Fit: 2.97617
Transform: 
	0.839117	0.38623	0.383025	-774.059
	0.246893	0.357009	-0.900882	6.73376
	-0.484691	0.850512	0.204215	-803.391
	0	0	0	1
Relative starting energy: 31498
Relative final energy: 31498
Total number of maps: 1
sulfonamide5HT2c_20  modelThresh=0  compareThresh=3.40282e+38
MinInterBlobDistance= 200
Compare uTime, sTime = 0.125, 0
Conf: conf102
Fit: 3.34461
Transform: 
	0.853597	0.325469	0.406746	-523.021
	0.378945	0.147822	-0.913537	-33.8033
	0.357454	-0.933926	-0.00284557	-931.003
	0	0	0	1
Relative starting energy: 51636.6
Relative final energy: 51636.6
Total number of maps: 1
sulfonamide5HT2c_21  modelThresh=0  compareThresh=3.40282e+38
MinInterBlobDistance= 200
Compare uTime, sTime = 0.125, 0
Conf: conf77
Fit: 2.84403
Transform: 
	-0.9741	0.203028	-0.0995454	-530.983
	0.0565762	-0.207396	-0.97662	-4.71942
	0.218927	0.956957	-0.190537	-916.36
	0	0	0	1
Relative starting energy: 51286.2
Relative final energy: 51286.2
Total number of maps: 1
sulfonamide5HT2c_22  modelThresh=0  compareThresh=3.40282e+38
MinInterBlobDistance= 200
Compare uTime, sTime = 0.078125, 0
Conf: conf25
Fit: 2.72033
Transform: 
	-0.988949	-0.0386939	0.143119	-760.516
	-0.14763	0.345753	-0.926639	1.51272
	0.0136285	0.937527	0.347645	-775.699
	0	0	0	1
Relative starting energy: 26634.4
Relative final energy: 26634.4
Total number of maps: 1
sulfonamide5HT2c_23  modelThresh=0  compareThresh=3.40282e+38
MinInterBlobDistance= 200
Compare uTime, sTime = 0.109375, 0
Conf: conf65
Fit: 2.9549
Transform: 
	0.90372	0.331333	0.271126	-498.889
	0.318505	-0.097142	-0.942931	-41.9892
	0.286086	-0.9385	0.19332	-947.522
	0	0	0	1
Relative starting energy: 34745.9
Relative final energy: 34745.9
Total number of maps: 1
sulfonamide5HT2c_24  modelThresh=0  compareThresh=3.40282e+38
MinInterBlobDistance= 200
Compare uTime, sTime = 0.171875, 0
Conf: conf79
Fit: 3.62393
Transform: 
	0.842293	0.31252	0.439174	-523.016
	0.492783	-0.116306	-0.862344	-18.9326
	0.218421	-0.942764	0.251968	-926.048
	0	0	0	1
Relative starting energy: 34527.1
Relative final energy: 34527.1
Total number of maps: 1
sulfonamide5HT2c_25  modelThresh=0  compareThresh=3.40282e+38
MinInterBlobDistance= 200
Compare uTime, sTime = 0.125, 0
Conf: conf91
Fit: 2.86998
Transform: 
	0.741788	0.317662	0.590628	-536.235
	0.535164	0.250375	-0.806791	39.9755
	0.404165	-0.914551	-0.0157243	-904.19
	0	0	0	1
Relative starting energy: 37699.2
Relative final energy: 37699.2
Total number of maps: 1
Done!
===== D:\Program Files\BIOVIA\PPS\apps\scitegic\dscore\server\bin\citest-bin -sd citest_in.sd -chm D:\Program Files\BIOVIA\PPS\web\jobs\16606\F214A85D-7818-461A-A781-2F0931B9334E\5HT2c_ligands_3.ds_chm -bestonly -outsd citest_out.sd -omit -1 -mibd 200 -failsd fail.sd -fitname FitValue -shapename Shape -estname Estimate -mapidname MapID -pharmprintname Pharmprint -pharmtypename Pharmtype 

Checked out license feature: DS_Chemistry <v2009.03> [for msi<TeAM SolidSQUAD-SSQ>] (1 copy)


Nafoxidine Hydrochloride  modelThresh=0  compareThresh=3.40282e+38
MinInterBlobDistance= 200
Compare uTime, sTime = 0.03125, 0.015625
Conf: conf6
Fit: 3.21686
Transform: 
	-0.235309	-0.945206	-0.226307	-726.005
	0.0873452	-0.252469	0.963655	-21.4801
	0.967988	-0.206989	-0.141967	-639.591
	0	0	0	1
Relative starting energy: 5654.48
Relative final energy: 5654.48
Total number of maps: 1
Trioxifene  modelThresh=0  compareThresh=3.40282e+38
MinInterBlobDistance= 200
Compare uTime, sTime = 0.328125, 0
Conf: conf355
Fit: 2.99447
Transform: 
	-0.398914	-0.822168	0.406089	-739.006
	0.102175	0.400241	0.910696	-49.6042
	0.911278	-0.404781	0.0756564	-598.956
	0	0	0	1
Relative starting energy: 81279.8
Relative final energy: 81279.8
Total number of maps: 1
Nitromifene  modelThresh=0  compareThresh=3.40282e+38
MinInterBlobDistance= 200
Compare uTime, sTime = 0.03125, 0
Conf: conf8
Fit: 0.962208
Transform: 
	-0.687808	0.661517	-0.298857	-767.28
	0.696147	0.484474	-0.529777	-70.3406
	-0.205668	-0.572433	-0.793738	-960.487
	0	0	0	1
Relative starting energy: 12635.6
Relative final energy: 12635.6
Total number of maps: 1
Levormeloxifene  modelThresh=0  compareThresh=3.40282e+38
MinInterBlobDistance= 200
Compare uTime, sTime = 0.015625, 0.015625
Conf: conf29
Fit: 1.3894
Transform: 
	0.539211	0.832845	0.124982	-714.597
	-0.359732	0.361957	-0.859988	-132.997
	0.761475	-0.418755	-0.494773	-686.853
	0	0	0	1
Relative starting energy: 140535
Relative final energy: 140535
Total number of maps: 1
Raloxifene Hydorchloride  modelThresh=0  compareThresh=3.40282e+38
MinInterBlobDistance= 200
Compare uTime, sTime = 0.078125, 0
Conf: conf70
Fit: 1.81019
Transform: 
	-0.613902	-0.527545	0.587214	-424.349
	0.756395	-0.180328	0.628768	6.05909
	0.225812	-0.830168	-0.509735	-879.248
	0	0	0	1
Relative starting energy: 37149.6
Relative final energy: 37149.6
Total number of maps: 1
(p-2-Diethylaminoethoxyphenyl)-1-phenyl-2-p-anisylethanol  modelThresh=0  compareThresh=3.40282e+38
MinInterBlobDistance= 200
Compare uTime, sTime = 0.140625, 0
Conf: conf106
Fit: 3.48564
Transform: 
	-0.681453	-0.315779	0.660231	-665.423
	0.714202	-0.483916	0.505708	6.76967
	0.159804	0.816155	0.555296	-588.213
	0	0	0	1
Relative starting energy: 52065.3
Relative final energy: 52065.3
Total number of maps: 1
FLURAZEPAM  modelThresh=0  compareThresh=3.40282e+38
MinInterBlobDistance= 200
Compare uTime, sTime = 0.0625, 0
Conf: conf48
Fit: 1.44503
Transform: 
	0.0904878	0.904019	-0.417805	-794.246
	0.521503	0.314396	0.793215	-62.1854
	0.848438	-0.289663	-0.443	-833.99
	0	0	0	1
Relative starting energy: 34473.7
Relative final energy: 34473.7
Total number of maps: 1
Toremifene  modelThresh=0  compareThresh=3.40282e+38
MinInterBlobDistance= 200
Compare uTime, sTime = 0.15625, 0
Conf: conf6
Fit: 2.46634
Transform: 
	-0.426882	-0.488438	-0.761052	-357.544
	0.738079	0.298078	-0.605301	-164.059
	-0.522505	0.820108	-0.233262	-1053.73
	0	0	0	1
Relative starting energy: 5841.63
Relative final energy: 5841.63
Total number of maps: 1
PIMOZIDE  modelThresh=0  compareThresh=3.40282e+38
MinInterBlobDistance= 200
Compare uTime, sTime = 0.0625, 0
Conf: conf44
Fit: 2.3325
Transform: 
	0.166403	-0.901295	-0.399972	-1003.17
	0.575862	0.418095	-0.702552	-67.7408
	-0.800433	0.113422	-0.588594	-874.431
	0	0	0	1
Relative starting energy: 66823.3
Relative final energy: 66823.3
Total number of maps: 1
Ametik hydrochloride  modelThresh=0  compareThresh=3.40282e+38
MinInterBlobDistance= 200
Compare uTime, sTime = 0.140625, 0
Conf: conf70
Fit: 0.366848
Transform: 
	-0.331743	-0.750449	-0.57164	-854.04
	-0.889841	0.0477128	0.453769	-68.6127
	0.313256	-0.659203	0.683609	-645.763
	0	0	0	1
Relative starting energy: 31431.9
Relative final energy: 31431.9
Total number of maps: 1
Tamoxifen  modelThresh=0  compareThresh=3.40282e+38
MinInterBlobDistance= 200
Compare uTime, sTime = 0.171875, 0
Conf: conf49
Fit: 2.62629
Transform: 
	0.00102737	0.90061	-0.434627	-396.41
	-0.835328	0.23971	0.494738	-80.5409
	-0.549751	-0.362548	-0.752551	-1028.47
	0	0	0	1
Relative starting energy: 32146.7
Relative final energy: 32146.7
Total number of maps: 1
Enclomiphene  modelThresh=0  compareThresh=3.40282e+38
MinInterBlobDistance= 200
Compare uTime, sTime = 0.25, 0
Conf: conf52
Fit: 2.8822
Transform: 
	0.592535	-0.0927874	-0.800183	-975.349
	0.801339	-0.0334823	0.597273	-0.827024
	-0.0822114	-0.995123	0.0545147	-794.881
	0	0	0	1
